0.788 0.898 0.825 0.851
0.909 0.886 1.084 1.095
0.608 0.738 1.080 1.272
0.819 0.852 1.315 1.123
0.762 0.786 0.887 0.973
1.061 0.810 0.808 0.657
0.908 0.669 0.944 1.021
0.886 0.759 1.125 0.912
1.009 0.850 1.050 1.097
1.193 0.755 0.639 0.959
0.762 1.068 0.952 0.925
0.934 0.916 0.757 1.069
0.841 0.777 0.844 0.956
0.900 0.847 0.801 1.053
0.865 0.880 0.905 1.006
0.847 0.984 1.019 1.023
1.204 0.759 0.997 1.119
0.801 1.003 0.952 1.141
0.845 0.867 0.798 0.964
0.688 0.885 1.079 1.033
0.724 0.559 1.066 0.823
0.978 0.791 0.892 0.909
0.847 0.761 0.802 0.747
0.734 0.833 0.986 0.900
0.881 1.025 0.748 1.212
0.719 1.065 1.025 1.210
0.797 0.928 0.780 1.022
0.929 0.719 1.043 1.105
0.933 0.942 1.002 0.841
1.036 0.716 1.106 1.214
0.941 0.907 1.254 1.001
0.878 0.792 0.876 1.095
0.816 0.736 1.140 0.996
0.770 0.687 1.198 0.875
0.608 0.915 1.010 0.963
0.742 0.886 0.875 0.635
0.754 1.084 1.029 0.749
0.780 0.796 0.705 1.229
0.934 0.887 0.996 1.153
0.723 1.091 0.844 0.993
0.769 0.911 1.043 1.081
0.831 0.786 1.219 1.020
0.738 0.891 1.007 0.804
0.757 0.689 0.918 0.766
0.756 0.910 0.736 1.362
0.677 0.916 0.798 0.946
0.960 0.812 0.891 1.138
0.657 0.842 1.032 0.924
1.149 0.750 0.808 0.667
0.964 0.812 1.122 0.898
1.068 0.796 0.895 1.095
0.621 0.932 0.847 1.002
0.699 0.656 0.870 1.253
0.642 1.153 0.780 0.910
0.874 0.901 1.266 0.765
0.884 0.903 0.917 0.734
0.861 0.641 0.945 1.117
0.703 0.923 1.084 0.968
0.752 0.842 1.183 0.920
0.647 0.909 0.982 0.803
0.752 0.762 0.909 1.091
0.800 0.817 0.799 1.259
0.768 0.770 1.305 0.676
0.829 0.877 0.798 1.001
1.008 0.786 0.968 1.027
0.926 0.776 0.821 0.952
1.129 0.947 1.119 1.076
0.982 0.832 0.971 0.928
0.808 1.087 0.838 0.832
0.768 0.906 0.675 0.841
0.847 0.904 0.836 0.872
0.748 0.677 0.799 1.022
0.649 0.895 1.084 1.055
0.865 1.130 0.922 1.087
0.848 0.936 0.932 1.003
0.794 0.742 0.949 1.051
0.878 0.740 0.941 1.017
0.803 0.848 0.863 0.897
0.646 0.696 0.945 1.098
0.990 0.813 0.895 0.929
0.715 0.764 0.828 0.867
0.873 0.790 0.781 0.994
1.032 0.794 0.964 1.159
0.892 0.877 0.945 0.847
0.966 0.905 0.893 0.892
1.005 1.042 0.791 0.841
0.872 0.967 0.941 0.980
0.737 0.796 1.064 0.865
0.936 0.879 0.994 1.020
0.860 1.003 0.837 1.000
0.964 0.855 0.705 0.880
0.710 0.540 0.753 0.957
1.148 0.785 0.976 0.827
0.733 0.724 1.116 1.037
0.817 0.991 0.894 1.187
0.927 0.764 0.743 0.869
0.705 0.866 1.048 0.873
0.825 0.712 0.924 0.957
0.635 0.812 0.904 0.850
0.696 1.094 1.122 1.140
0.735 0.864 0.819 0.814
0.970 0.993 0.789 0.933
0.838 0.836 0.831 0.691
0.951 0.940 0.921 1.203
0.858 0.807 0.863 0.941
0.840 0.981 1.018 1.300
0.980 0.839 0.871 0.946
0.888 0.886 1.185 1.030
0.984 0.863 0.983 1.031
0.860 0.971 0.908 1.101
0.515 1.014 0.954 1.020
0.906 0.782 0.891 1.001
0.880 0.766 0.865 0.843
1.298 0.655 1.122 0.909
0.941 0.899 1.230 0.906
0.806 0.854 0.863 1.048
0.957 0.866 1.122 0.833
0.862 1.009 1.030 0.925
1.119 0.884 0.988 1.041
0.859 0.944 1.009 0.692
0.908 0.737 0.988 0.932
0.937 0.868 0.967 1.039
0.910 0.874 1.245 1.041
0.816 0.864 0.871 0.966
0.800 0.895 0.835 1.024
0.722 0.868 0.830 0.865
0.962 0.798 0.968 1.283
0.873 0.854 1.110 0.914
0.758 0.778 0.881 1.139
0.726 0.836 1.062 0.907
0.799 1.158 0.905 1.059
0.914 0.882 1.012 1.206
0.645 0.976 0.830 0.787
0.758 0.741 0.775 0.882
0.913 0.760 0.938 1.171
1.077 0.899 0.732 0.935
0.636 0.833 0.992 0.980
0.829 0.928 0.987 0.997
0.752 0.731 1.123 0.977
0.789 0.945 0.994 1.132
0.747 0.827 0.957 1.250
0.822 0.866 0.898 1.014
0.659 0.725 0.839 0.969
0.770 0.769 0.985 1.064
0.743 0.893 0.760 1.167
0.888 0.959 0.893 0.954
0.816 0.813 1.116 1.338
0.938 0.940 1.005 1.149
0.721 0.964 0.977 0.723
0.709 1.207 0.924 0.977
0.832 0.880 1.054 0.715
0.720 0.737 1.045 0.689
0.810 0.864 1.050 0.925
0.859 0.798 1.025 0.876
0.806 0.935 0.932 0.792
0.836 0.969 0.996 0.827
1.047 0.795 0.808 1.007
0.808 0.881 1.100 0.904
0.788 0.821 1.073 1.023
0.714 0.849 0.620 0.996
0.891 0.918 0.944 1.147
0.766 0.856 1.016 0.919
0.914 1.064 0.916 1.171
1.129 0.854 0.910 0.767
1.043 0.917 1.210 1.014
0.852 0.902 0.742 0.719
0.886 0.739 1.086 0.828
1.219 1.149 0.764 0.871
0.905 0.917 0.890 0.835
0.954 1.021 0.942 1.123
1.093 0.847 0.921 1.020
0.808 0.962 0.974 1.084
0.810 1.140 0.792 1.002
0.719 0.965 1.076 1.034
0.795 0.765 0.951 0.774
0.846 1.050 0.945 0.934
0.996 1.003 0.974 1.082
0.925 0.654 1.156 0.810
0.864 0.787 0.827 1.015
0.794 0.698 1.121 0.914
0.883 1.036 0.814 0.930
1.037 1.288 0.774 0.779
0.805 0.981 1.107 1.081
0.686 0.781 0.949 0.964
0.826 0.796 1.131 1.019
0.644 0.856 0.828 1.229
1.263 0.820 0.850 1.087
0.960 0.637 0.982 1.082
0.918 0.900 0.891 0.731
0.781 0.851 0.970 1.017
0.818 0.795 0.953 0.847
0.841 0.780 0.714 1.040
0.895 0.793 1.183 0.877
0.836 0.929 1.203 1.148
0.763 0.880 0.911 0.722
0.892 0.816 0.692 1.005
1.030 0.759 0.909 0.752
0.558 0.826 0.738 0.925
0.928 0.993 1.132 1.011
0.868 0.780 1.212 0.969
1.052 0.846 0.910 1.085
0.850 1.084 0.714 0.987
1.039 0.664 1.045 0.977
0.902 0.770 1.063 1.077
0.892 0.839 0.801 0.868
0.757 0.671 0.846 0.849
0.593 0.948 0.892 0.991
0.692 0.971 0.719 0.993
0.932 0.851 1.230 1.080
1.035 1.037 0.708 1.151
0.704 1.016 1.201 0.938
0.801 0.738 0.976 0.743
0.726 0.960 0.945 0.927
0.856 0.861 0.908 0.955
0.777 0.909 0.861 0.630
0.768 0.944 0.917 0.952
