0.805 0.937 0.908 1.123
0.954 0.924 1.361 1.216
0.665 0.798 1.307 1.558
0.832 0.857 1.368 1.161
0.798 0.832 1.067 1.303
1.134 0.852 0.950 0.785
0.934 0.706 1.078 1.128
0.888 0.835 1.378 1.024
1.100 0.924 1.439 1.302
1.212 0.781 0.735 1.181
0.784 1.112 1.104 1.105
1.000 0.925 0.862 1.285
0.856 0.806 1.011 0.981
0.946 0.891 1.249 1.347
0.977 0.941 1.339 1.264
0.877 1.012 1.115 1.106
1.237 0.803 1.176 1.147
0.800 1.059 1.148 1.207
0.878 0.899 0.969 1.084
0.684 0.927 1.203 1.159
0.820 0.593 1.266 1.152
1.018 0.831 1.018 0.984
0.909 0.773 0.987 0.861
0.877 0.931 1.265 1.293
0.939 1.098 1.036 1.331
0.727 1.116 1.149 1.282
0.837 0.948 0.924 1.250
0.958 0.748 1.100 1.260
1.089 0.946 1.348 1.074
1.123 0.787 1.255 1.501
0.965 0.921 1.217 1.161
0.867 0.827 1.035 1.240
0.834 0.761 1.287 1.199
0.808 0.721 1.493 0.996
0.648 0.944 1.162 1.143
0.825 0.895 1.046 0.911
0.787 1.139 1.080 0.909
0.811 0.871 0.898 1.267
0.984 0.916 1.104 1.360
0.738 1.089 0.930 1.019
0.846 0.944 1.096 1.234
0.925 0.795 1.363 1.274
0.771 0.928 1.097 0.832
0.749 0.753 1.344 1.059
0.780 1.019 0.950 1.749
0.698 0.947 0.903 1.131
0.956 0.800 1.059 1.270
0.680 0.866 1.135 1.034
1.187 0.785 0.856 0.795
1.041 0.854 1.693 1.182
1.112 0.827 1.114 1.254
0.650 0.942 0.967 1.068
0.680 0.690 0.975 1.361
0.690 1.239 0.995 0.926
0.868 0.910 1.344 0.835
0.926 0.975 1.056 0.820
0.891 0.692 1.057 1.423
0.727 0.958 1.197 1.072
0.792 0.906 1.386 1.033
0.744 1.021 1.292 1.162
0.803 0.775 1.019 1.236
0.837 0.820 0.984 1.536
0.806 0.770 1.423 0.919
0.873 0.931 1.039 1.062
1.138 0.886 1.292 1.291
0.958 0.890 0.996 1.246
1.238 1.001 1.335 1.182
1.038 0.908 1.253 1.096
0.822 1.140 1.017 1.073
0.785 0.956 0.925 0.977
0.875 0.954 1.193 1.149
0.767 0.716 0.873 1.255
0.687 0.921 1.287 1.069
0.917 1.188 1.066 1.144
0.865 0.959 1.062 1.200
0.817 0.800 0.987 1.212
0.958 0.740 1.071 1.167
0.822 0.904 1.022 0.976
0.677 0.726 1.069 1.084
1.052 0.899 1.094 1.108
0.750 0.775 1.014 1.065
0.880 0.799 0.883 1.075
1.026 0.851 1.059 1.362
0.905 0.867 1.025 0.920
1.000 0.936 1.007 0.983
1.027 1.123 1.013 0.970
0.900 1.030 1.256 1.190
0.767 0.846 1.119 1.062
0.968 0.929 0.998 1.082
0.943 1.071 1.000 1.227
0.983 0.869 0.746 0.926
0.740 0.592 1.041 1.035
1.279 0.851 0.952 1.017
0.753 0.735 1.280 1.098
0.865 1.008 0.930 1.320
0.970 0.862 1.089 1.263
0.824 0.883 1.076 1.120
0.875 0.809 1.088 1.112
0.658 0.858 1.015 0.907
0.726 1.153 1.233 1.199
0.820 0.898 1.124 1.040
1.001 1.026 0.947 1.320
0.895 0.888 0.991 0.863
1.002 0.918 1.156 1.312
0.908 0.850 0.935 1.073
0.893 1.042 1.247 1.490
1.039 0.929 1.169 1.315
0.997 0.938 1.476 1.272
1.023 0.900 1.131 1.164
0.901 1.087 1.230 1.312
0.568 1.027 1.080 1.122
0.930 0.792 1.030 1.190
0.936 0.843 1.101 1.018
1.302 0.625 1.212 1.041
0.970 0.877 1.309 0.976
0.861 0.899 1.193 1.248
1.055 0.882 1.368 0.965
0.882 1.062 1.152 1.078
1.145 0.934 1.181 1.274
0.858 0.934 1.202 0.779
0.919 0.753 1.030 1.037
0.995 0.955 1.253 1.325
0.949 0.870 1.412 1.202
0.824 0.867 0.944 1.010
0.845 0.910 0.946 1.123
0.797 0.906 0.994 0.956
0.982 0.813 1.029 1.306
0.936 0.892 1.279 1.130
0.799 0.807 0.994 1.278
0.760 0.889 1.150 1.057
0.814 1.189 0.984 1.176
0.968 0.936 1.302 1.248
0.669 0.929 0.978 0.909
0.779 0.777 0.874 0.973
1.005 0.817 1.155 1.249
1.100 0.943 0.933 1.126
0.686 0.876 1.279 1.164
0.914 1.013 1.135 1.377
0.790 0.765 1.105 1.159
0.828 0.969 1.290 1.227
0.768 0.857 0.968 1.405
0.887 0.949 1.058 1.190
0.720 0.738 1.052 1.283
0.824 0.829 1.081 1.272
0.781 0.934 0.858 1.239
0.939 0.986 1.116 1.123
0.848 0.858 1.127 1.463
0.957 0.944 1.059 1.200
0.853 0.979 1.007 0.910
0.709 1.211 1.292 1.156
0.860 0.896 1.128 0.822
0.774 0.869 1.363 0.979
0.866 0.912 1.281 1.142
0.878 0.787 1.090 0.935
0.833 0.966 0.986 0.819
0.900 0.989 1.188 0.916
1.057 0.830 1.000 1.072
0.848 0.935 1.433 1.118
0.825 0.863 1.400 1.421
0.729 0.851 0.701 1.083
0.979 0.961 0.928 1.430
0.780 0.875 1.213 1.139
0.927 1.095 0.947 1.294
1.175 0.906 1.098 0.896
1.126 0.961 1.311 1.141
0.890 0.973 0.787 0.829
0.903 0.741 1.163 0.932
1.198 1.291 0.925 1.064
0.908 0.968 1.007 0.906
0.975 1.076 0.995 1.291
1.123 0.854 1.064 1.096
0.847 1.030 1.304 1.072
0.903 1.235 0.931 1.170
0.894 1.042 1.235 1.421
0.853 0.807 0.995 1.042
0.889 1.083 1.086 0.870
1.018 1.044 1.163 1.248
0.972 0.664 1.231 0.962
0.925 0.834 1.084 1.282
0.837 0.761 1.236 1.126
0.923 1.080 0.863 0.962
1.070 1.345 0.886 0.919
0.900 1.040 1.332 1.148
0.711 0.825 1.016 1.027
0.877 0.801 1.173 1.132
0.682 0.901 0.852 1.368
1.310 0.855 0.864 1.227
1.047 0.726 1.265 1.480
1.002 0.948 1.168 1.054
0.803 0.888 1.121 1.147
0.833 0.816 1.063 1.039
0.868 0.800 0.846 1.068
0.966 0.852 1.396 1.017
0.923 0.974 1.635 1.367
0.849 0.934 1.215 1.037
0.929 0.842 0.821 1.221
1.062 0.767 1.169 0.849
0.589 0.835 0.832 1.024
0.968 1.023 1.307 1.033
0.934 0.867 1.461 1.065
1.162 0.890 1.058 1.288
0.942 1.145 0.791 1.071
1.047 0.706 1.282 1.009
0.951 0.823 1.323 1.371
0.928 0.860 0.928 0.970
0.800 0.678 0.996 1.099
0.612 0.988 1.022 1.140
0.727 1.016 0.716 1.119
0.951 0.944 1.340 1.352
1.107 1.144 0.863 1.289
0.770 1.085 1.430 1.124
0.825 0.842 1.083 0.852
0.775 1.002 1.127 1.072
0.907 0.930 1.009 1.129
0.824 0.945 0.958 0.787
0.810 1.048 1.024 1.087
